{"extrinsics": [[[-0.4333682954311371, 0.8991064429283142, -0.06164049357175827, -0.8667365908622742], [0.1408185064792633, 0.0, -0.9900354743003845, 0.2816370129585266], [0.8901472687721252, 0.437730073928833, 0.12661083042621613, 1.7802945375442505], [0.0, 0.0, 0.0, 1.0]], [[-0.019073789939284325, -0.9997947812080383, -0.006827966775745153, -0.03814757987856865], [0.3370323181152344, 0.0, -0.9414930939674377, 0.6740646362304688], [-0.9412998557090759, 0.020259086042642593, -0.33696314692497253, -1.8825997114181519], [0.0, 0.0, 0.0, 1.0]], [[-0.7239863872528076, -0.6286389827728271, -0.2840013802051544, -1.4479726552963257], [0.36518242955207825, 0.0, -0.9309360384941101, 0.7303647994995117], [-0.5852226614952087, 0.7776972651481628, -0.22956791520118713, -1.170445203781128], [0.0, 0.0, 0.0, 1.0]], [[-0.5193139314651489, -0.32466042041778564, -0.7905117273330688, -1.0386278629302979], [0.8357856869697571, 0.0, -0.5490559339523315, 1.6715713739395142], [-0.17825673520565033, 0.9458306431770325, -0.2713465392589569, -0.35651347041130066], [0.0, 0.0, 0.0, 1.0]], [[-0.3207423686981201, -0.6938600540161133, -0.6447345018386841, -0.6414846777915955], [0.8953279852867126, 0.0, -0.44540753960609436, 1.7906558513641357], [-0.3090505301952362, 0.7201098203659058, -0.6212323307991028, -0.6181010007858276], [0.0, 0.0, 0.0, 1.0]], [[0.22655941545963287, 0.8694900870323181, 0.4389280080795288, 0.45311883091926575], [0.8886075019836426, 0.0, -0.45866841077804565, 1.7772150039672852], [0.3988076448440552, -0.49395033717155457, 0.7726354598999023, 0.7976152896881104], [0.0, 0.0, 0.0, 1.0]], [[0.062367912381887436, 0.8572656512260437, 0.5110830664634705, 0.12473582476377487], [0.9926364421844482, 0.0, -0.12113229185342789, 1.9852728843688965], [0.10384254902601242, -0.5148743987083435, 0.8509531021118164, 0.20768509805202484], [0.0, 0.0, 0.0, 1.0]], [[-0.6495983600616455, -0.40001851320266724, -0.6465347409248352, -1.299196720123291], [0.7054334282875061, 0.0, -0.7087761759757996, 1.4108668565750122], [-0.2835235595703125, 0.9165071249008179, -0.2821864187717438, -0.567047119140625], [0.0, 0.0, 0.0, 1.0]], [[-0.4058999717235565, 0.8844652771949768, -0.2301441729068756, -0.811799943447113], [0.49323025345802307, 0.0, -0.8698988556861877, 0.9864605069160461], [0.7693953514099121, 0.46660593152046204, 0.43624505400657654, 1.5387907028198242], [0.0, 0.0, 0.0, 1.0]], [[0.7783645987510681, 0.6052743792533875, 0.16670770943164825, 1.5567291975021362], [0.2094273418188095, 0.0, -0.9778242111206055, 0.418854683637619], [0.5918518900871277, -0.7960169315338135, 0.12676100432872772, 1.1837037801742554], [0.0, 0.0, 0.0, 1.0]], [[-0.5736783742904663, 0.7033646106719971, -0.41972777247428894, -1.147356629371643], [0.5904762148857117, 0.0, -0.8070551156997681, 1.1809523105621338], [0.567654013633728, 0.7108292579650879, 0.4153200685977936, 1.1353079080581665], [0.0, 0.0, 0.0, 1.0]], [[-0.412318617105484, 0.8173595666885376, -0.4023887813091278, -0.824637234210968], [0.6984365582466125, 0.0, -0.7156720161437988, 1.396873116493225], [0.5849613547325134, 0.5761278867721558, 0.5708737969398499, 1.1699227094650269], [0.0, 0.0, 0.0, 1.0]], [[0.5557219982147217, 0.34493908286094666, 0.7564325332641602, 1.1114439964294434], [0.8058941960334778, 0.0, -0.5920596122741699, 1.6117883920669556], [0.20422449707984924, -0.9386250972747803, 0.2779844105243683, 0.4084489941596985], [0.0, 0.0, 0.0, 1.0]], [[0.6014854311943054, -0.2267046421766281, 0.7660419940948486, 1.2029707431793213], [0.7865201830863953, 0.0, -0.6175646185874939, 1.573040246963501], [-0.14000476896762848, -0.9739635586738586, -0.17830777168273926, -0.28000950813293457], [0.0, 0.0, 0.0, 1.0]], [[0.1862863004207611, 0.9066405296325684, 0.3785504400730133, 0.37257257103919983], [0.8972430229187012, 0.0, -0.44153717160224915, 1.7944859266281128], [0.40031546354293823, -0.4219040274620056, 0.8134768605232239, 0.8006308674812317], [0.0, 0.0, 0.0, 1.0]], [[0.43521785736083984, -0.7653224468231201, 0.4742014408111572, 0.8704357147216797], [0.7367414236068726, 0.0, -0.6761746406555176, 1.4734828472137451], [-0.5174916386604309, -0.6436471343040466, -0.5638446807861328, -1.0349832773208618], [0.0, 0.0, 0.0, 1.0]], [[0.20966267585754395, -0.9232251644134521, 0.3220200538635254, 0.4193253219127655], [0.8380276560783386, 0.0, -0.5456278920173645, 1.6760551929473877], [-0.5037373900413513, -0.3842594623565674, -0.7736881971359253, -1.007474660873413], [0.0, 0.0, 0.0, 1.0]], [[-0.592049777507782, 0.1968652456998825, -0.7814865112304688, -1.184099555015564], [0.7970849871635437, 0.0, -0.6038671731948853, 1.5941699743270874], [0.11888045072555542, 0.980430543422699, 0.15691834688186646, 0.23776090145111084], [0.0, 0.0, 0.0, 1.0]], [[-0.23817452788352966, -0.7434793710708618, -0.6249090433120728, -0.47634902596473694], [0.9344310760498047, 0.0, -0.35614410042762756, 1.8688620328903198], [-0.2647857964038849, 0.6687588691711426, -0.6947302222251892, -0.529571533203125], [0.0, 0.0, 0.0, 1.0]], [[0.13249337673187256, 0.9886252880096436, 0.07117247581481934, 0.2649867534637451], [0.4732227623462677, 0.0, -0.8809428215026855, 0.9464455246925354], [0.870922327041626, -0.15039952099323273, 0.4678399860858917, 1.741844654083252], [0.0, 0.0, 0.0, 1.0]], [[-0.24016804993152618, 0.9609271287918091, -0.13761667907238007, -0.48033609986305237], [0.4971674978733063, 0.0, -0.8676546216011047, 0.9943349957466125], [0.8337528705596924, 0.2768014371395111, 0.4777417480945587, 1.6675057411193848], [0.0, 0.0, 0.0, 1.0]], [[-0.4022398293018341, -0.8936854004859924, -0.19882053136825562, -0.8044796586036682], [0.4431092143058777, 0.0, -0.8964676856994629, 0.8862184286117554], [-0.8011600375175476, 0.4486941993236542, -0.3960002362728119, -1.6023200750350952], [0.0, 0.0, 0.0, 1.0]], [[-0.9267598986625671, 0.31528133153915405, -0.2042396366596222, -1.8535196781158447], [0.2152160257101059, 0.0, -0.9765664935112, 0.4304320216178894], [0.30789318680763245, 0.9489982724189758, 0.06785359233617783, 0.6157863140106201], [0.0, 0.0, 0.0, 1.0]], [[-0.648016631603241, -0.7599121928215027, -0.05106840655207634, -1.2960331439971924], [0.07856367528438568, 0.0, -0.9969090819358826, 0.15712733566761017], [-0.7575634121894836, 0.6500257849693298, -0.05970148742198944, -1.5151267051696777], [0.0, 0.0, 0.0, 1.0]], [[0.9011143445968628, -0.3294651210308075, 0.28186121582984924, 1.802228569984436], [0.2985287606716156, 0.0, -0.9544006586074829, 0.5970574617385864], [-0.3144417405128479, -0.9441677331924438, -0.09835481643676758, -0.628883421421051], [0.0, 0.0, 0.0, 1.0]], [[0.955485999584198, -0.1821911633014679, 0.23206230998039246, 1.910971999168396], [0.23601241409778595, 0.0, -0.9717500805854797, 0.4720248281955719], [-0.17704427242279053, -0.9832631349563599, -0.042999375611543655, -0.35408854484558105], [0.0, 0.0, 0.0, 1.0]], [[0.7108869552612305, 0.5807926654815674, 0.3966354727745056, 1.4217737913131714], [0.487236350774765, 0.0, -0.8732702136039734, 0.9744726419448853], [0.5071889162063599, -0.8140515089035034, 0.28298330307006836, 1.0143777132034302], [0.0, 0.0, 0.0, 1.0]], [[0.8995256423950195, 0.29556235671043396, 0.32170894742012024, 1.799051284790039], [0.3367539346218109, 0.0, -0.9415927529335022, 0.6735078692436218], [0.27829936146736145, -0.9553234577178955, 0.09953178465366364, 0.5565987229347229], [0.0, 0.0, 0.0, 1.0]], [[0.17363980412483215, -0.9835834503173828, 0.04912066459655762, 0.3472796082496643], [0.2722061276435852, 0.0, -0.9622390270233154, 0.5444122552871704], [-0.9464423656463623, -0.18045392632484436, -0.2677374482154846, -1.8928847312927246], [0.0, 0.0, 0.0, 1.0]], [[0.4344129264354706, -0.8800004124641418, 0.19205406308174133, 0.8688258528709412], [0.40434730052948, 0.0, -0.9146055579185486, 0.80869460105896], [-0.8048532009124756, -0.47497302293777466, -0.3558257818222046, -1.6097064018249512], [0.0, 0.0, 0.0, 1.0]], [[0.6496360898017883, 0.6019353270530701, 0.46437790989875793, 1.2992721796035767], [0.5815301537513733, 0.0, -0.8135249018669128, 1.1630603075027466], [0.4896893799304962, -0.7985448241233826, 0.35004356503486633, 0.9793787598609924], [0.0, 0.0, 0.0, 1.0]], [[0.5463165044784546, 0.3445425033569336, 0.7634322643280029, 1.0926328897476196], [0.813225507736206, 0.0, -0.5819488167762756, 1.6264508962631226], [0.20050610601902008, -0.9387707114219666, 0.28019076585769653, 0.4010121822357178], [0.0, 0.0, 0.0, 1.0]]], "intrinsics": [[[1.0, 0.0, 0.5], [0.0, 1.0, 0.5], [0.0, 0.0, 1.0]], [[1.0, 0.0, 0.5], [0.0, 1.0, 0.5], [0.0, 0.0, 1.0]], [[1.0, 0.0, 0.5], [0.0, 1.0, 0.5], [0.0, 0.0, 1.0]], [[1.0, 0.0, 0.5], [0.0, 1.0, 0.5], [0.0, 0.0, 1.0]], [[1.0, 0.0, 0.5], [0.0, 1.0, 0.5], [0.0, 0.0, 1.0]], [[1.0, 0.0, 0.5], [0.0, 1.0, 0.5], [0.0, 0.0, 1.0]], [[1.0, 0.0, 0.5], [0.0, 1.0, 0.5], [0.0, 0.0, 1.0]], [[1.0, 0.0, 0.5], [0.0, 1.0, 0.5], [0.0, 0.0, 1.0]], [[1.0, 0.0, 0.5], [0.0, 1.0, 0.5], [0.0, 0.0, 1.0]], [[1.0, 0.0, 0.5], [0.0, 1.0, 0.5], [0.0, 0.0, 1.0]], [[1.0, 0.0, 0.5], [0.0, 1.0, 0.5], [0.0, 0.0, 1.0]], [[1.0, 0.0, 0.5], [0.0, 1.0, 0.5], [0.0, 0.0, 1.0]], [[1.0, 0.0, 0.5], [0.0, 1.0, 0.5], [0.0, 0.0, 1.0]], [[1.0, 0.0, 0.5], [0.0, 1.0, 0.5], [0.0, 0.0, 1.0]], [[1.0, 0.0, 0.5], [0.0, 1.0, 0.5], [0.0, 0.0, 1.0]], [[1.0, 0.0, 0.5], [0.0, 1.0, 0.5], [0.0, 0.0, 1.0]], [[1.0, 0.0, 0.5], [0.0, 1.0, 0.5], [0.0, 0.0, 1.0]], [[1.0, 0.0, 0.5], [0.0, 1.0, 0.5], [0.0, 0.0, 1.0]], [[1.0, 0.0, 0.5], [0.0, 1.0, 0.5], [0.0, 0.0, 1.0]], [[1.0, 0.0, 0.5], [0.0, 1.0, 0.5], [0.0, 0.0, 1.0]], [[1.0, 0.0, 0.5], [0.0, 1.0, 0.5], [0.0, 0.0, 1.0]], [[1.0, 0.0, 0.5], [0.0, 1.0, 0.5], [0.0, 0.0, 1.0]], [[1.0, 0.0, 0.5], [0.0, 1.0, 0.5], [0.0, 0.0, 1.0]], [[1.0, 0.0, 0.5], [0.0, 1.0, 0.5], [0.0, 0.0, 1.0]], [[1.0, 0.0, 0.5], [0.0, 1.0, 0.5], [0.0, 0.0, 1.0]], [[1.0, 0.0, 0.5], [0.0, 1.0, 0.5], [0.0, 0.0, 1.0]], [[1.0, 0.0, 0.5], [0.0, 1.0, 0.5], [0.0, 0.0, 1.0]], [[1.0, 0.0, 0.5], [0.0, 1.0, 0.5], [0.0, 0.0, 1.0]], [[1.0, 0.0, 0.5], [0.0, 1.0, 0.5], [0.0, 0.0, 1.0]], [[1.0, 0.0, 0.5], [0.0, 1.0, 0.5], [0.0, 0.0, 1.0]], [[1.0, 0.0, 0.5], [0.0, 1.0, 0.5], [0.0, 0.0, 1.0]], [[1.0, 0.0, 0.5], [0.0, 1.0, 0.5], [0.0, 0.0, 1.0]]]}